# Latency summary — all erasure-code experiments
# code,n,k,d,fail_label,n_failed,rate_req_s,phase,avg_lat_ms,p50_ms,p95_ms,p99_ms,n_reqs
mbr,10000,3,5,0,1,1000.0,degraded,0.0145,0.0134,0.0140,0.0407,10000
mbr,10000,3,5,0,1,1000.0,normal,0.0145,0.0134,0.0140,0.0419,10000
mbr,10000,3,5,0,1,2000.0,degraded,0.0147,0.0134,0.0178,0.0536,10000
mbr,10000,3,5,0,1,2000.0,normal,0.0147,0.0134,0.0180,0.0536,10000
mbr,10000,3,5,0,1,4000.0,degraded,0.0150,0.0134,0.0236,0.0536,10000
mbr,10000,3,5,0,1,4000.0,normal,0.0151,0.0134,0.0236,0.0536,10000
mbr,10000,3,5,0,1,8000.0,degraded,0.0157,0.0134,0.0266,0.0597,10000
mbr,10000,3,5,0,1,8000.0,normal,0.0159,0.0134,0.0267,0.0670,10000
mbr,10000,3,5,0,1,16000.0,degraded,0.0178,0.0136,0.0311,0.0892,10000
mbr,10000,3,5,0,1,16000.0,normal,0.0182,0.0136,0.0316,0.1037,10000
mbr,10000,3,5,0,1,32000.0,degraded,0.0278,0.0136,0.0650,0.2878,10000
mbr,10000,3,5,0,1,32000.0,normal,0.0273,0.0136,0.0674,0.2606,10000
mbr,10000,3,5,0,1,34909.0,degraded,0.0310,0.0153,0.0757,0.3532,10000
mbr,10000,3,5,0,1,34909.0,normal,0.0299,0.0140,0.0806,0.2946,10000
mbr,10000,3,5,0,1,37818.0,degraded,0.0348,0.0176,0.0910,0.4225,10000
mbr,10000,3,5,0,1,37818.0,normal,0.0332,0.0163,0.0987,0.3398,10000
mbr,10000,3,5,0,1,40727.0,degraded,0.0400,0.0198,0.1173,0.4722,10000
mbr,10000,3,5,0,1,40727.0,normal,0.0374,0.0184,0.1244,0.3907,10000
mbr,10000,3,5,0,1,43636.0,degraded,0.0467,0.0218,0.1474,0.5508,10000
mbr,10000,3,5,0,1,43636.0,normal,0.0429,0.0207,0.1599,0.4356,10000
mbr,10000,3,5,0,1,46545.0,degraded,0.0548,0.0237,0.2033,0.6723,10000
mbr,10000,3,5,0,1,46545.0,normal,0.0511,0.0230,0.2171,0.5126,10000
mbr,10000,3,5,0,1,49455.0,degraded,0.0654,0.0258,0.2746,0.7374,10000
mbr,10000,3,5,0,1,49455.0,normal,0.0647,0.0251,0.3125,0.6361,10000
mbr,10000,3,5,0,1,52364.0,degraded,0.0800,0.0288,0.3846,0.8615,10000
mbr,10000,3,5,0,1,52364.0,normal,0.0915,0.0275,0.4692,0.8859,10000
mbr,10000,3,5,0,1,55273.0,degraded,0.1063,0.0344,0.5536,1.1455,10000
mbr,10000,3,5,0,1,55273.0,normal,0.1399,0.0324,0.7718,1.5132,10000
mbr,10000,3,5,0,1,58182.0,degraded,0.1895,0.0425,1.0224,1.7308,10000
mbr,10000,3,5,0,1,58182.0,normal,0.2491,0.0406,1.2612,2.3574,10000
mbr,10000,3,5,0,1,61091.0,degraded,0.4587,0.0584,2.3539,4.1457,10000
mbr,10000,3,5,0,1,61091.0,normal,0.5291,0.0545,2.3840,4.6632,10000
mbr,10000,3,5,0,1,64000.0,degraded,0.9193,0.0995,3.6541,6.5879,10000
mbr,10000,3,5,0,1,64000.0,normal,1.0329,0.1042,3.9456,7.5134,10000
mbr,10000,3,5,none,0,1000.0,normal,0.0145,0.0134,0.0140,0.0406,10000
mbr,10000,3,5,none,0,2000.0,normal,0.0147,0.0134,0.0175,0.0536,10000
mbr,10000,3,5,none,0,4000.0,normal,0.0149,0.0134,0.0229,0.0536,10000
mbr,10000,3,5,none,0,8000.0,normal,0.0156,0.0134,0.0259,0.0558,10000
mbr,10000,3,5,none,0,16000.0,normal,0.0172,0.0136,0.0292,0.0800,10000
mbr,10000,3,5,none,0,32000.0,normal,0.0238,0.0136,0.0540,0.1688,10000
mbr,10000,3,5,none,0,34909.0,normal,0.0257,0.0140,0.0614,0.1953,10000
mbr,10000,3,5,none,0,37818.0,normal,0.0281,0.0158,0.0736,0.2251,10000
mbr,10000,3,5,none,0,40727.0,normal,0.0310,0.0179,0.0908,0.2541,10000
mbr,10000,3,5,none,0,43636.0,normal,0.0351,0.0202,0.1169,0.2862,10000
mbr,10000,3,5,none,0,46545.0,normal,0.0412,0.0225,0.1569,0.3445,10000
mbr,10000,3,5,none,0,49455.0,normal,0.0514,0.0247,0.2250,0.3963,10000
mbr,10000,3,5,none,0,52364.0,normal,0.0717,0.0270,0.3790,0.5182,10000
mbr,10000,3,5,none,0,55273.0,normal,0.1078,0.0318,0.6466,0.8618,10000
mbr,10000,3,5,none,0,58182.0,normal,0.1913,0.0397,1.0922,1.3733,10000
mbr,10000,3,5,none,0,61091.0,normal,0.4152,0.0534,2.1875,2.5189,10000
mbr,10000,3,5,none,0,64000.0,normal,0.8438,0.0985,3.6719,4.0382,10000
msr,10000,3,5,0,1,1000.0,degraded,0.0116,0.0108,0.0110,0.0324,10000
msr,10000,3,5,0,1,1000.0,normal,0.0116,0.0108,0.0110,0.0428,10000
msr,10000,3,5,0,1,2000.0,degraded,0.0117,0.0108,0.0120,0.0428,10000
msr,10000,3,5,0,1,2000.0,normal,0.0117,0.0108,0.0126,0.0428,10000
msr,10000,3,5,0,1,4000.0,degraded,0.0119,0.0108,0.0181,0.0430,10000
msr,10000,3,5,0,1,4000.0,normal,0.0120,0.0108,0.0181,0.0431,10000
msr,10000,3,5,0,1,8000.0,degraded,0.0124,0.0108,0.0208,0.0440,10000
msr,10000,3,5,0,1,8000.0,normal,0.0125,0.0108,0.0209,0.0536,10000
msr,10000,3,5,0,1,16000.0,degraded,0.0135,0.0108,0.0218,0.0643,10000
msr,10000,3,5,0,1,16000.0,normal,0.0139,0.0108,0.0218,0.0735,10000
msr,10000,3,5,0,1,32000.0,degraded,0.0183,0.0108,0.0383,0.1495,10000
msr,10000,3,5,0,1,32000.0,normal,0.0184,0.0108,0.0395,0.1520,10000
msr,10000,3,5,0,1,64000.0,degraded,0.0596,0.0218,0.2673,0.6355,10000
msr,10000,3,5,0,1,64000.0,normal,0.0635,0.0212,0.3259,0.6062,10000
msr,10000,3,5,0,1,69818.0,degraded,0.0950,0.0286,0.5118,0.9948,10000
msr,10000,3,5,0,1,69818.0,normal,0.1258,0.0269,0.6987,1.3333,10000
msr,10000,3,5,0,1,75636.0,degraded,0.3134,0.0434,1.6779,2.9238,10000
msr,10000,3,5,0,1,75636.0,normal,0.3617,0.0410,1.6467,3.2135,10000
msr,10000,3,5,0,1,81455.0,degraded,0.9412,0.1141,3.3511,6.0233,10000
msr,10000,3,5,0,1,81455.0,normal,1.0427,0.1347,3.6571,6.8847,10000
msr,10000,3,5,0,1,87273.0,degraded,3.9394,3.5061,7.2004,11.5510,10000
msr,10000,3,5,0,1,87273.0,normal,2.3324,1.3433,5.5771,10.5785,10000
msr,10000,3,5,0,1,93091.0,degraded,13.9877,13.1256,28.5675,32.3494,10000
msr,10000,3,5,0,1,93091.0,normal,4.7759,3.3849,9.7566,16.5980,10000
msr,10000,3,5,0,1,98909.0,degraded,24.8438,23.0774,49.8808,55.0551,10000
msr,10000,3,5,0,1,98909.0,normal,8.3608,7.2844,18.5214,25.7103,10000
msr,10000,3,5,0,1,104727.0,degraded,34.5192,31.9557,69.2299,73.4622,10000
msr,10000,3,5,0,1,104727.0,normal,11.5962,10.2695,27.3453,34.3665,10000
msr,10000,3,5,0,1,110545.0,degraded,42.9858,39.9071,83.9224,88.0812,10000
msr,10000,3,5,0,1,110545.0,normal,14.5281,12.9258,34.3905,42.3784,10000
msr,10000,3,5,0,1,116364.0,degraded,50.4058,47.0618,94.6706,100.4911,10000
msr,10000,3,5,0,1,116364.0,normal,17.1971,15.3341,40.6884,50.3703,10000
msr,10000,3,5,0,1,122182.0,degraded,56.9786,53.5285,103.1009,109.8312,10000
msr,10000,3,5,0,1,122182.0,normal,19.6418,17.5583,46.9208,57.6838,10000
msr,10000,3,5,0,1,128000.0,degraded,62.9180,59.4083,109.3311,119.7253,10000
msr,10000,3,5,0,1,128000.0,normal,21.8986,19.5438,52.9673,65.3173,10000
msr,10000,3,5,none,0,1000.0,normal,0.0116,0.0108,0.0110,0.0324,10000
msr,10000,3,5,none,0,2000.0,normal,0.0117,0.0108,0.0120,0.0413,10000
msr,10000,3,5,none,0,4000.0,normal,0.0118,0.0108,0.0172,0.0428,10000
msr,10000,3,5,none,0,8000.0,normal,0.0122,0.0108,0.0201,0.0431,10000
msr,10000,3,5,none,0,16000.0,normal,0.0132,0.0108,0.0217,0.0538,10000
msr,10000,3,5,none,0,32000.0,normal,0.0164,0.0108,0.0329,0.1020,10000
msr,10000,3,5,none,0,64000.0,normal,0.0495,0.0209,0.2421,0.3635,10000
msr,10000,3,5,none,0,69818.0,normal,0.0961,0.0264,0.5646,0.7753,10000
msr,10000,3,5,none,0,75636.0,normal,0.2806,0.0398,1.5034,1.7604,10000
msr,10000,3,5,none,0,81455.0,normal,0.8611,0.1275,3.4200,3.7060,10000
msr,10000,3,5,none,0,87273.0,normal,2.0351,1.1878,5.3873,5.5944,10000
msr,10000,3,5,none,0,93091.0,normal,4.2077,2.8076,8.5578,8.6786,10000
msr,10000,3,5,none,0,98909.0,normal,7.3357,5.9099,14.0922,14.1603,10000
msr,10000,3,5,none,0,104727.0,normal,10.1161,8.6664,19.3892,19.6694,10000
msr,10000,3,5,none,0,110545.0,normal,12.6039,11.1328,24.1433,24.6517,10000
msr,10000,3,5,none,0,116364.0,normal,14.8432,13.3539,28.4280,29.1347,10000
msr,10000,3,5,none,0,122182.0,normal,16.8690,15.3632,32.2991,33.1822,10000
msr,10000,3,5,none,0,128000.0,normal,18.7105,17.1898,35.8240,36.8629,10000
raid10,10000,3,0,0,1,1000.0,degraded,0.0115,0.0107,0.0107,0.0320,10000
raid10,10000,3,0,0,1,1000.0,normal,0.0115,0.0107,0.0107,0.0320,10000
raid10,10000,3,0,0,1,2000.0,degraded,0.0115,0.0107,0.0112,0.0326,10000
raid10,10000,3,0,0,1,2000.0,normal,0.0116,0.0107,0.0116,0.0408,10000
raid10,10000,3,0,0,1,4000.0,degraded,0.0117,0.0107,0.0166,0.0427,10000
raid10,10000,3,0,0,1,4000.0,normal,0.0117,0.0107,0.0169,0.0427,10000
raid10,10000,3,0,0,1,8000.0,degraded,0.0120,0.0107,0.0197,0.0427,10000
raid10,10000,3,0,0,1,8000.0,normal,0.0121,0.0107,0.0198,0.0427,10000
raid10,10000,3,0,0,1,16000.0,degraded,0.0128,0.0107,0.0214,0.0508,10000
raid10,10000,3,0,0,1,16000.0,normal,0.0130,0.0107,0.0214,0.0534,10000
raid10,10000,3,0,0,1,32000.0,degraded,0.0160,0.0107,0.0320,0.0911,10000
raid10,10000,3,0,0,1,32000.0,normal,0.0161,0.0107,0.0320,0.1002,10000
raid10,10000,3,0,0,1,64000.0,degraded,0.0445,0.0208,0.2039,0.4150,10000
raid10,10000,3,0,0,1,64000.0,normal,0.0456,0.0204,0.2145,0.3369,10000
raid10,10000,3,0,0,1,69818.0,degraded,0.0646,0.0265,0.3067,0.5789,10000
raid10,10000,3,0,0,1,69818.0,normal,0.0834,0.0251,0.4981,0.6671,10000
raid10,10000,3,0,0,1,75636.0,degraded,0.1860,0.0383,0.8950,1.4331,10000
raid10,10000,3,0,0,1,75636.0,normal,0.2112,0.0365,1.1540,1.3828,10000
raid10,10000,3,0,0,1,81455.0,degraded,0.6400,0.0809,2.4414,2.9922,10000
raid10,10000,3,0,0,1,81455.0,normal,0.7139,0.0855,3.0269,3.3117,10000
raid10,10000,3,0,0,1,87273.0,degraded,2.0981,1.9572,4.1506,4.4281,10000
raid10,10000,3,0,0,1,87273.0,normal,1.7819,1.1106,4.9666,5.1548,10000
raid10,10000,3,0,0,1,93091.0,degraded,10.2508,8.5723,14.1335,14.2060,10000
raid10,10000,3,0,0,1,93091.0,normal,3.5279,2.1640,7.5079,7.6597,10000
raid10,10000,3,0,0,1,98909.0,degraded,19.6822,18.0033,26.2021,26.3907,10000
raid10,10000,3,0,0,1,98909.0,normal,6.6559,5.2665,12.8031,12.8878,10000
raid10,10000,3,0,0,1,104727.0,degraded,28.0657,26.3858,37.1940,37.3358,10000
raid10,10000,3,0,0,1,104727.0,normal,9.4363,8.0230,18.1157,18.3496,10000
raid10,10000,3,0,0,1,110545.0,degraded,35.5667,33.8844,47.0110,47.3070,10000
raid10,10000,3,0,0,1,110545.0,normal,11.9241,10.4894,22.8681,23.3314,10000
raid10,10000,3,0,0,1,116364.0,degraded,42.3187,40.6349,55.7921,56.2838,10000
raid10,10000,3,0,0,1,116364.0,normal,14.1634,12.7103,27.1513,27.8148,10000
raid10,10000,3,0,0,1,122182.0,degraded,48.4267,46.7393,63.7258,64.4032,10000
raid10,10000,3,0,0,1,122182.0,normal,16.1892,14.7195,31.0253,31.8648,10000
raid10,10000,3,0,0,1,128000.0,degraded,53.9793,52.2856,70.9426,71.7893,10000
raid10,10000,3,0,0,1,128000.0,normal,18.0308,16.5461,34.5482,35.5445,10000
raid10,10000,3,0,none,0,1000.0,normal,0.0115,0.0107,0.0107,0.0320,10000
raid10,10000,3,0,none,0,2000.0,normal,0.0116,0.0107,0.0116,0.0408,10000
raid10,10000,3,0,none,0,4000.0,normal,0.0117,0.0107,0.0169,0.0427,10000
raid10,10000,3,0,none,0,8000.0,normal,0.0121,0.0107,0.0198,0.0427,10000
raid10,10000,3,0,none,0,16000.0,normal,0.0130,0.0107,0.0214,0.0534,10000
raid10,10000,3,0,none,0,32000.0,normal,0.0161,0.0107,0.0320,0.1002,10000
raid10,10000,3,0,none,0,64000.0,normal,0.0456,0.0204,0.2145,0.3369,10000
raid10,10000,3,0,none,0,69818.0,normal,0.0834,0.0251,0.4981,0.6671,10000
raid10,10000,3,0,none,0,75636.0,normal,0.2112,0.0365,1.1540,1.3828,10000
raid10,10000,3,0,none,0,81455.0,normal,0.7139,0.0855,3.0269,3.3117,10000
raid10,10000,3,0,none,0,87273.0,normal,1.7819,1.1106,4.9666,5.1548,10000
raid10,10000,3,0,none,0,93091.0,normal,3.5279,2.1640,7.5079,7.6597,10000
raid10,10000,3,0,none,0,98909.0,normal,6.6559,5.2665,12.8031,12.8878,10000
raid10,10000,3,0,none,0,104727.0,normal,9.4363,8.0230,18.1157,18.3496,10000
raid10,10000,3,0,none,0,110545.0,normal,11.9241,10.4894,22.8681,23.3314,10000
raid10,10000,3,0,none,0,116364.0,normal,14.1634,12.7103,27.1513,27.8148,10000
raid10,10000,3,0,none,0,122182.0,normal,16.1892,14.7195,31.0253,31.8648,10000
raid10,10000,3,0,none,0,128000.0,normal,18.0308,16.5461,34.5482,35.5445,10000
rs,10000,3,0,0,1,1000.0,degraded,0.0115,0.0107,0.0108,0.0321,10000
rs,10000,3,0,0,1,1000.0,normal,0.0115,0.0107,0.0108,0.0321,10000
rs,10000,3,0,0,1,2000.0,degraded,0.0116,0.0107,0.0117,0.0427,10000
rs,10000,3,0,0,1,2000.0,normal,0.0116,0.0107,0.0121,0.0427,10000
rs,10000,3,0,0,1,4000.0,degraded,0.0118,0.0107,0.0176,0.0427,10000
rs,10000,3,0,0,1,4000.0,normal,0.0118,0.0107,0.0176,0.0427,10000
rs,10000,3,0,0,1,8000.0,degraded,0.0122,0.0107,0.0203,0.0428,10000
rs,10000,3,0,0,1,8000.0,normal,0.0123,0.0107,0.0205,0.0494,10000
rs,10000,3,0,0,1,16000.0,degraded,0.0133,0.0107,0.0214,0.0617,10000
rs,10000,3,0,0,1,16000.0,normal,0.0136,0.0107,0.0214,0.0682,10000
rs,10000,3,0,0,1,32000.0,degraded,0.0178,0.0107,0.0363,0.1377,10000
rs,10000,3,0,0,1,32000.0,normal,0.0179,0.0107,0.0376,0.1459,10000
rs,10000,3,0,0,1,64000.0,degraded,0.0567,0.0213,0.2466,0.6068,10000
rs,10000,3,0,0,1,64000.0,normal,0.0585,0.0206,0.2932,0.5600,10000
rs,10000,3,0,0,1,69818.0,degraded,0.0845,0.0275,0.4382,0.9114,10000
rs,10000,3,0,0,1,69818.0,normal,0.1099,0.0256,0.6088,1.1945,10000
rs,10000,3,0,0,1,75636.0,degraded,0.2573,0.0398,1.4204,2.4405,10000
rs,10000,3,0,0,1,75636.0,normal,0.2828,0.0376,1.3463,2.4962,10000
rs,10000,3,0,0,1,81455.0,degraded,0.8097,0.0884,3.0708,5.4896,10000
rs,10000,3,0,0,1,81455.0,normal,0.8863,0.0914,3.2999,6.2533,10000
rs,10000,3,0,0,1,87273.0,degraded,2.5133,2.1200,4.5830,8.5219,10000
rs,10000,3,0,0,1,87273.0,normal,2.0725,1.2576,5.1837,9.9200,10000
rs,10000,3,0,0,1,93091.0,degraded,11.8800,11.2717,24.0175,28.2962,10000
rs,10000,3,0,0,1,93091.0,normal,4.0431,2.7523,7.9347,14.6504,10000
rs,10000,3,0,0,1,98909.0,degraded,22.6750,21.2426,44.9348,50.5846,10000
rs,10000,3,0,0,1,98909.0,normal,7.6206,6.6258,16.8165,23.7419,10000
rs,10000,3,0,0,1,104727.0,degraded,32.3223,30.1129,64.8061,69.7529,10000
rs,10000,3,0,0,1,104727.0,normal,10.8461,9.6279,25.5858,32.3274,10000
rs,10000,3,0,0,1,110545.0,degraded,40.8050,38.0158,80.0691,84.4915,10000
rs,10000,3,0,0,1,110545.0,normal,13.7713,12.2793,32.6604,40.3651,10000
rs,10000,3,0,0,1,116364.0,degraded,48.2581,45.1449,91.3551,97.1251,10000
rs,10000,3,0,0,1,116364.0,normal,16.4335,14.6873,39.0339,48.2464,10000
rs,10000,3,0,0,1,122182.0,degraded,54.8512,51.5992,100.0240,107.1323,10000
rs,10000,3,0,0,1,122182.0,normal,18.8692,16.8668,45.0044,55.5154,10000
rs,10000,3,0,0,1,128000.0,degraded,60.8006,57.4718,106.7773,116.9895,10000
rs,10000,3,0,0,1,128000.0,normal,21.1164,18.8924,51.0638,62.7625,10000
rs,10000,3,0,3,1,1000.0,degraded,0.0115,0.0107,0.0108,0.0321,10000
rs,10000,3,0,3,1,1000.0,normal,0.0115,0.0107,0.0108,0.0321,10000
rs,10000,3,0,3,1,2000.0,degraded,0.0116,0.0107,0.0117,0.0427,10000
rs,10000,3,0,3,1,2000.0,normal,0.0116,0.0107,0.0121,0.0427,10000
rs,10000,3,0,3,1,4000.0,degraded,0.0118,0.0107,0.0175,0.0427,10000
rs,10000,3,0,3,1,4000.0,normal,0.0118,0.0107,0.0176,0.0427,10000
rs,10000,3,0,3,1,8000.0,degraded,0.0122,0.0107,0.0202,0.0428,10000
rs,10000,3,0,3,1,8000.0,normal,0.0123,0.0107,0.0205,0.0494,10000
rs,10000,3,0,3,1,16000.0,degraded,0.0133,0.0107,0.0214,0.0617,10000
rs,10000,3,0,3,1,16000.0,normal,0.0136,0.0107,0.0214,0.0682,10000
rs,10000,3,0,3,1,32000.0,degraded,0.0178,0.0107,0.0363,0.1377,10000
rs,10000,3,0,3,1,32000.0,normal,0.0179,0.0107,0.0376,0.1459,10000
rs,10000,3,0,3,1,64000.0,degraded,0.0565,0.0212,0.2448,0.6057,10000
rs,10000,3,0,3,1,64000.0,normal,0.0585,0.0206,0.2932,0.5600,10000
rs,10000,3,0,3,1,69818.0,degraded,0.0836,0.0272,0.4339,0.9051,10000
rs,10000,3,0,3,1,69818.0,normal,0.1099,0.0256,0.6088,1.1945,10000
rs,10000,3,0,3,1,75636.0,degraded,0.2521,0.0394,1.3816,2.3941,10000
rs,10000,3,0,3,1,75636.0,normal,0.2828,0.0376,1.3463,2.4962,10000
rs,10000,3,0,3,1,81455.0,degraded,0.7938,0.0854,3.0415,5.4439,10000
rs,10000,3,0,3,1,81455.0,normal,0.8863,0.0914,3.2999,6.2533,10000
rs,10000,3,0,3,1,87273.0,degraded,2.4354,2.0883,4.5019,8.3924,10000
rs,10000,3,0,3,1,87273.0,normal,2.0725,1.2576,5.1837,9.9200,10000
rs,10000,3,0,3,1,93091.0,degraded,11.8067,11.1607,24.4604,27.9958,10000
rs,10000,3,0,3,1,93091.0,normal,4.0431,2.7523,7.9347,14.6504,10000
rs,10000,3,0,3,1,98909.0,degraded,22.6497,21.1245,45.4493,50.2768,10000
rs,10000,3,0,3,1,98909.0,normal,7.6206,6.6258,16.8165,23.7419,10000
rs,10000,3,0,3,1,104727.0,degraded,32.3410,30.0094,65.1767,69.5629,10000
rs,10000,3,0,3,1,104727.0,normal,10.8461,9.6279,25.5858,32.3274,10000
rs,10000,3,0,3,1,110545.0,degraded,40.8492,37.9634,80.2131,84.1896,10000
rs,10000,3,0,3,1,110545.0,normal,13.7713,12.2793,32.6604,40.3651,10000
rs,10000,3,0,3,1,116364.0,degraded,48.3161,45.1206,91.5576,96.9639,10000
rs,10000,3,0,3,1,116364.0,normal,16.4334,14.6873,39.0339,48.2464,10000
rs,10000,3,0,3,1,122182.0,degraded,54.9093,51.5947,99.9508,107.1162,10000
rs,10000,3,0,3,1,122182.0,normal,18.8691,16.8668,45.0044,55.5154,10000
rs,10000,3,0,3,1,128000.0,degraded,60.8554,57.4768,106.8258,116.8460,10000
rs,10000,3,0,3,1,128000.0,normal,21.1163,18.8924,51.0638,62.7624,10000
rs,10000,3,0,none,0,1000.0,normal,0.0115,0.0107,0.0108,0.0321,10000
rs,10000,3,0,none,0,2000.0,normal,0.0116,0.0107,0.0117,0.0409,10000
rs,10000,3,0,none,0,4000.0,normal,0.0117,0.0107,0.0169,0.0427,10000
rs,10000,3,0,none,0,8000.0,normal,0.0121,0.0107,0.0198,0.0428,10000
rs,10000,3,0,none,0,16000.0,normal,0.0131,0.0107,0.0214,0.0534,10000
rs,10000,3,0,none,0,32000.0,normal,0.0162,0.0107,0.0321,0.1013,10000
rs,10000,3,0,none,0,64000.0,normal,0.0460,0.0204,0.2169,0.3391,10000
rs,10000,3,0,none,0,69818.0,normal,0.0844,0.0251,0.5073,0.6771,10000
rs,10000,3,0,none,0,75636.0,normal,0.2179,0.0366,1.1816,1.4219,10000
rs,10000,3,0,none,0,81455.0,normal,0.7259,0.0867,3.0677,3.3519,10000
rs,10000,3,0,none,0,87273.0,normal,1.8012,1.1155,5.0073,5.1968,10000
rs,10000,3,0,none,0,93091.0,normal,3.5672,2.1945,7.5763,7.7281,10000
rs,10000,3,0,none,0,98909.0,normal,6.6952,5.2970,12.8723,12.9571,10000
rs,10000,3,0,none,0,104727.0,normal,9.4756,8.0535,18.1849,18.4188,10000
rs,10000,3,0,none,0,110545.0,normal,11.9634,10.5198,22.9374,23.4007,10000
rs,10000,3,0,none,0,116364.0,normal,14.2028,12.7408,27.2205,27.8841,10000
rs,10000,3,0,none,0,122182.0,normal,16.2285,14.7500,31.0946,31.9341,10000
rs,10000,3,0,none,0,128000.0,normal,18.0701,16.5766,34.6174,35.6137,10000
