# Latency summary — all erasure-code experiments
# code,n,k,d,fail_label,n_failed,rate_req_s,phase,avg_lat_ms,p50_ms,p95_ms,p99_ms,n_reqs
mbr,10000,3,5,0,1,10.0,degraded,0.0387,0.0400,0.0800,0.1000,10000
mbr,10000,3,5,0,1,10.0,normal,0.0388,0.0400,0.0800,0.1000,10000
mbr,10000,3,5,0,1,20.0,degraded,0.0387,0.0400,0.0800,0.1000,10000
mbr,10000,3,5,0,1,20.0,normal,0.0388,0.0400,0.0800,0.1000,10000
mbr,10000,3,5,0,1,40.0,degraded,0.0388,0.0400,0.0800,0.1000,10000
mbr,10000,3,5,0,1,40.0,normal,0.0388,0.0400,0.0800,0.1000,10000
mbr,10000,3,5,0,1,80.0,degraded,0.0388,0.0400,0.0800,0.1000,10000
mbr,10000,3,5,0,1,80.0,normal,0.0388,0.0400,0.0800,0.1000,10000
mbr,10000,3,5,0,1,160.0,degraded,0.0389,0.0400,0.0800,0.1000,10000
mbr,10000,3,5,0,1,160.0,normal,0.0389,0.0400,0.0800,0.1000,10000
mbr,10000,3,5,0,1,320.0,degraded,0.0390,0.0400,0.0800,0.1000,10000
mbr,10000,3,5,0,1,320.0,normal,0.0390,0.0400,0.0800,0.1000,10000
mbr,10000,3,5,0,1,640.0,degraded,0.0394,0.0400,0.0800,0.1200,10000
mbr,10000,3,5,0,1,640.0,normal,0.0394,0.0400,0.0800,0.1200,10000
mbr,10000,3,5,0,1,1000.0,degraded,0.0398,0.0400,0.0800,0.1200,10000
mbr,10000,3,5,0,1,1000.0,normal,0.0398,0.0400,0.0800,0.1200,10000
mbr,10000,3,5,0,1,1280.0,degraded,0.0401,0.0400,0.0800,0.1200,10000
mbr,10000,3,5,0,1,1280.0,normal,0.0401,0.0400,0.0800,0.1200,10000
mbr,10000,3,5,0,1,2000.0,degraded,0.0410,0.0400,0.0800,0.1386,10000
mbr,10000,3,5,0,1,2000.0,normal,0.0411,0.0400,0.0800,0.1400,10000
mbr,10000,3,5,0,1,2560.0,degraded,0.0417,0.0400,0.0800,0.1413,10000
mbr,10000,3,5,0,1,2560.0,normal,0.0419,0.0400,0.0800,0.1437,10000
mbr,10000,3,5,0,1,4000.0,degraded,0.0439,0.0400,0.0973,0.1681,10000
mbr,10000,3,5,0,1,4000.0,normal,0.0441,0.0400,0.0964,0.1722,10000
mbr,10000,3,5,0,1,5120.0,degraded,0.0460,0.0400,0.1002,0.1897,10000
mbr,10000,3,5,0,1,5120.0,normal,0.0460,0.0400,0.1006,0.1926,10000
mbr,10000,3,5,0,1,8000.0,degraded,0.0534,0.0400,0.1395,0.2738,10000
mbr,10000,3,5,0,1,8000.0,normal,0.0532,0.0400,0.1377,0.2918,10000
mbr,10000,3,5,0,1,10240.0,degraded,0.0637,0.0400,0.1800,0.4391,10000
mbr,10000,3,5,0,1,10240.0,normal,0.0629,0.0400,0.1780,0.4327,10000
mbr,10000,3,5,0,1,16000.0,degraded,0.1432,0.0553,0.6437,1.4773,10000
mbr,10000,3,5,0,1,16000.0,normal,0.1501,0.0523,0.7833,1.3771,10000
mbr,10000,3,5,0,1,17455.0,degraded,0.1946,0.0638,0.9487,1.9812,10000
mbr,10000,3,5,0,1,17455.0,normal,0.2122,0.0600,1.1067,2.1835,10000
mbr,10000,3,5,0,1,18909.0,degraded,0.2831,0.0750,1.3420,2.5351,10000
mbr,10000,3,5,0,1,18909.0,normal,0.3372,0.0721,1.7480,2.8803,10000
mbr,10000,3,5,0,1,20364.0,degraded,0.7536,0.0938,3.6830,5.8496,10000
mbr,10000,3,5,0,1,20364.0,normal,0.6914,0.0911,3.2719,5.1251,10000
mbr,10000,3,5,0,1,20480.0,degraded,0.8250,0.0971,4.0162,6.5084,10000
mbr,10000,3,5,0,1,20480.0,normal,0.7751,0.0937,3.5286,5.7642,10000
mbr,10000,3,5,0,1,21818.0,degraded,1.8599,0.1536,8.6615,14.5770,10000
mbr,10000,3,5,0,1,21818.0,normal,1.8572,0.1380,7.7999,15.0649,10000
mbr,10000,3,5,0,1,22342.0,degraded,2.4129,0.2057,9.9143,17.5618,10000
mbr,10000,3,5,0,1,22342.0,normal,2.3974,0.1973,9.7289,18.2055,10000
mbr,10000,3,5,0,1,23273.0,degraded,3.5726,0.4467,12.2701,22.5892,10000
mbr,10000,3,5,0,1,23273.0,normal,3.6328,0.4544,12.9837,23.7394,10000
mbr,10000,3,5,0,1,24204.0,degraded,5.1484,1.9148,15.0862,27.9111,10000
mbr,10000,3,5,0,1,24204.0,normal,5.2172,2.1353,16.3060,30.0385,10000
mbr,10000,3,5,0,1,24727.0,degraded,6.2615,3.5953,16.9510,30.3427,10000
mbr,10000,3,5,0,1,24727.0,normal,6.3379,3.6022,18.1066,32.9858,10000
mbr,10000,3,5,0,1,26065.0,degraded,16.3098,13.3871,27.6816,45.8211,10000
mbr,10000,3,5,0,1,26065.0,normal,9.9459,6.6195,23.0980,40.4540,10000
mbr,10000,3,5,0,1,26182.0,degraded,18.2173,16.1105,30.6635,49.5299,10000
mbr,10000,3,5,0,1,26182.0,normal,10.2997,6.7831,23.5939,41.1473,10000
mbr,10000,3,5,0,1,27636.0,degraded,44.4541,36.8194,80.5774,104.0682,10000
mbr,10000,3,5,0,1,27636.0,normal,17.4844,11.6060,33.8858,58.3820,10000
mbr,10000,3,5,0,1,27927.0,degraded,50.2040,41.3480,91.4047,114.2712,10000
mbr,10000,3,5,0,1,27927.0,normal,19.3913,13.1376,36.8987,62.7874,10000
mbr,10000,3,5,0,1,29091.0,degraded,71.9956,61.6532,133.8064,155.5366,10000
mbr,10000,3,5,0,1,29091.0,normal,26.6451,19.2110,50.9967,80.2144,10000
mbr,10000,3,5,0,1,29789.0,degraded,84.1564,72.4737,160.3767,180.5587,10000
mbr,10000,3,5,0,1,29789.0,normal,30.7274,22.3423,59.4388,91.4560,10000
mbr,10000,3,5,0,1,30545.0,degraded,96.6460,85.0519,187.5700,210.2639,10000
mbr,10000,3,5,0,1,30545.0,normal,34.9448,26.2570,69.3102,103.1659,10000
mbr,10000,3,5,0,1,31651.0,degraded,113.7984,101.7792,225.3331,245.2838,10000
mbr,10000,3,5,0,1,31651.0,normal,40.7687,31.9625,83.6404,117.8844,10000
mbr,10000,3,5,0,1,32000.0,degraded,118.9519,106.9531,237.3635,254.8160,10000
mbr,10000,3,5,0,1,32000.0,normal,42.5229,33.6262,87.5253,122.1413,10000
mbr,10000,3,5,0,1,33513.0,degraded,140.0842,128.3183,278.6083,288.3885,10000
mbr,10000,3,5,0,1,33513.0,normal,49.6988,40.7498,106.0089,140.0232,10000
mbr,10000,3,5,0,1,35375.0,degraded,163.6644,152.2887,311.9743,323.9506,10000
mbr,10000,3,5,0,1,35375.0,normal,57.6583,47.4530,126.5260,163.0208,10000
mbr,10000,3,5,0,1,37236.0,degraded,184.9321,172.3204,338.8470,351.3833,10000
mbr,10000,3,5,0,1,37236.0,normal,64.7905,54.4227,144.3391,183.8358,10000
mbr,10000,3,5,0,1,39098.0,degraded,204.3048,191.4215,360.5349,382.9445,10000
mbr,10000,3,5,0,1,39098.0,normal,71.2109,60.9017,164.6045,205.4464,10000
mbr,10000,3,5,0,1,40960.0,degraded,221.8015,205.4162,379.8438,407.8339,10000
mbr,10000,3,5,0,1,40960.0,normal,77.1536,66.7297,183.2565,228.1483,10000
mbr,10000,3,5,none,0,10.0,normal,0.0388,0.0400,0.0800,0.1000,10000
mbr,10000,3,5,none,0,20.0,normal,0.0388,0.0400,0.0800,0.1000,10000
mbr,10000,3,5,none,0,40.0,normal,0.0388,0.0400,0.0800,0.1000,10000
mbr,10000,3,5,none,0,80.0,normal,0.0388,0.0400,0.0800,0.1000,10000
mbr,10000,3,5,none,0,160.0,normal,0.0388,0.0400,0.0800,0.1000,10000
mbr,10000,3,5,none,0,320.0,normal,0.0390,0.0400,0.0800,0.1000,10000
mbr,10000,3,5,none,0,640.0,normal,0.0393,0.0400,0.0800,0.1043,10000
mbr,10000,3,5,none,0,1000.0,normal,0.0396,0.0400,0.0800,0.1195,10000
mbr,10000,3,5,none,0,1280.0,normal,0.0399,0.0400,0.0800,0.1200,10000
mbr,10000,3,5,none,0,2000.0,normal,0.0407,0.0400,0.0800,0.1200,10000
mbr,10000,3,5,none,0,2560.0,normal,0.0414,0.0400,0.0800,0.1344,10000
mbr,10000,3,5,none,0,4000.0,normal,0.0432,0.0400,0.0800,0.1546,10000
mbr,10000,3,5,none,0,5120.0,normal,0.0449,0.0400,0.0972,0.1719,10000
mbr,10000,3,5,none,0,8000.0,normal,0.0509,0.0400,0.1200,0.2413,10000
mbr,10000,3,5,none,0,10240.0,normal,0.0589,0.0400,0.1545,0.3397,10000
mbr,10000,3,5,none,0,16000.0,normal,0.1344,0.0523,0.6428,1.1837,10000
mbr,10000,3,5,none,0,17455.0,normal,0.1904,0.0600,0.8952,2.1458,10000
mbr,10000,3,5,none,0,18909.0,normal,0.3054,0.0722,1.4957,3.0265,10000
mbr,10000,3,5,none,0,20364.0,normal,0.6332,0.0904,3.0211,4.0128,10000
mbr,10000,3,5,none,0,20480.0,normal,0.7113,0.0932,3.4461,4.2910,10000
mbr,10000,3,5,none,0,21818.0,normal,1.7434,0.1366,8.5259,9.8345,10000
mbr,10000,3,5,none,0,22342.0,normal,2.2616,0.1950,10.6626,11.9899,10000
mbr,10000,3,5,none,0,23273.0,normal,3.4522,0.4426,14.3611,15.7331,10000
mbr,10000,3,5,none,0,24204.0,normal,4.9947,2.1746,17.9599,19.3544,10000
mbr,10000,3,5,none,0,24727.0,normal,6.0968,3.4080,20.0375,21.3020,10000
mbr,10000,3,5,none,0,26065.0,normal,9.6402,6.0988,24.9810,26.3540,10000
mbr,10000,3,5,none,0,26182.0,normal,9.9871,6.1887,25.4856,26.8508,10000
mbr,10000,3,5,none,0,27636.0,normal,17.0177,9.7760,35.3009,36.4706,10000
mbr,10000,3,5,none,0,27927.0,normal,18.8846,11.6277,37.9785,39.0952,10000
mbr,10000,3,5,none,0,29091.0,normal,25.9785,18.6641,48.4082,49.0517,10000
mbr,10000,3,5,none,0,29789.0,normal,29.9666,22.6206,54.3348,54.6767,10000
mbr,10000,3,5,none,0,30545.0,normal,34.0804,26.7019,60.9776,61.3413,10000
mbr,10000,3,5,none,0,31651.0,normal,39.7447,32.3215,71.4892,71.8396,10000
mbr,10000,3,5,none,0,32000.0,normal,41.4508,34.0141,74.7914,75.0473,10000
mbr,10000,3,5,none,0,33513.0,normal,48.4362,40.9444,88.1130,88.7842,10000
mbr,10000,3,5,none,0,35375.0,normal,56.2128,48.6596,102.9381,104.3691,10000
mbr,10000,3,5,none,0,37236.0,normal,63.2081,55.6001,116.3031,118.3717,10000
mbr,10000,3,5,none,0,39098.0,normal,69.5406,61.8836,128.4170,131.0334,10000
mbr,10000,3,5,none,0,40960.0,normal,75.2974,67.5958,139.4277,142.5488,10000
msr,10000,3,5,0,1,10.0,degraded,0.0247,0.0240,0.0480,0.0720,10000
msr,10000,3,5,0,1,10.0,normal,0.0247,0.0240,0.0480,0.0720,10000
msr,10000,3,5,0,1,20.0,degraded,0.0247,0.0240,0.0480,0.0720,10000
msr,10000,3,5,0,1,20.0,normal,0.0247,0.0240,0.0480,0.0720,10000
msr,10000,3,5,0,1,40.0,degraded,0.0247,0.0240,0.0480,0.0720,10000
msr,10000,3,5,0,1,40.0,normal,0.0247,0.0240,0.0480,0.0720,10000
msr,10000,3,5,0,1,80.0,degraded,0.0247,0.0240,0.0480,0.0720,10000
msr,10000,3,5,0,1,80.0,normal,0.0247,0.0240,0.0480,0.0720,10000
msr,10000,3,5,0,1,160.0,degraded,0.0248,0.0240,0.0480,0.0720,10000
msr,10000,3,5,0,1,160.0,normal,0.0247,0.0240,0.0480,0.0720,10000
msr,10000,3,5,0,1,320.0,degraded,0.0248,0.0240,0.0480,0.0720,10000
msr,10000,3,5,0,1,320.0,normal,0.0248,0.0240,0.0480,0.0720,10000
msr,10000,3,5,0,1,640.0,degraded,0.0249,0.0240,0.0480,0.0720,10000
msr,10000,3,5,0,1,640.0,normal,0.0249,0.0240,0.0480,0.0720,10000
msr,10000,3,5,0,1,1000.0,degraded,0.0251,0.0240,0.0480,0.0720,10000
msr,10000,3,5,0,1,1000.0,normal,0.0251,0.0240,0.0480,0.0720,10000
msr,10000,3,5,0,1,1280.0,degraded,0.0252,0.0240,0.0480,0.0740,10000
msr,10000,3,5,0,1,1280.0,normal,0.0252,0.0240,0.0480,0.0720,10000
msr,10000,3,5,0,1,2000.0,degraded,0.0256,0.0240,0.0480,0.0840,10000
msr,10000,3,5,0,1,2000.0,normal,0.0255,0.0240,0.0480,0.0793,10000
msr,10000,3,5,0,1,2560.0,degraded,0.0258,0.0240,0.0480,0.0840,10000
msr,10000,3,5,0,1,2560.0,normal,0.0259,0.0240,0.0480,0.0840,10000
msr,10000,3,5,0,1,4000.0,degraded,0.0265,0.0240,0.0480,0.0960,10000
msr,10000,3,5,0,1,4000.0,normal,0.0267,0.0240,0.0483,0.0944,10000
msr,10000,3,5,0,1,5120.0,degraded,0.0272,0.0240,0.0584,0.0960,10000
msr,10000,3,5,0,1,5120.0,normal,0.0274,0.0240,0.0600,0.0976,10000
msr,10000,3,5,0,1,8000.0,degraded,0.0291,0.0240,0.0645,0.1165,10000
msr,10000,3,5,0,1,8000.0,normal,0.0294,0.0240,0.0661,0.1200,10000
msr,10000,3,5,0,1,10240.0,degraded,0.0310,0.0240,0.0720,0.1438,10000
msr,10000,3,5,0,1,10240.0,normal,0.0313,0.0240,0.0720,0.1435,10000
msr,10000,3,5,0,1,16000.0,degraded,0.0401,0.0240,0.1106,0.2752,10000
msr,10000,3,5,0,1,16000.0,normal,0.0401,0.0240,0.1127,0.2742,10000
msr,10000,3,5,0,1,20480.0,degraded,0.0551,0.0255,0.1854,0.5000,10000
msr,10000,3,5,0,1,20480.0,normal,0.0545,0.0240,0.2017,0.4872,10000
msr,10000,3,5,0,1,22342.0,degraded,0.0670,0.0293,0.2622,0.6863,10000
msr,10000,3,5,0,1,22342.0,normal,0.0656,0.0282,0.2859,0.5850,10000
msr,10000,3,5,0,1,24204.0,degraded,0.0829,0.0329,0.3539,0.9185,10000
msr,10000,3,5,0,1,24204.0,normal,0.0847,0.0318,0.4177,0.8151,10000
msr,10000,3,5,0,1,26065.0,degraded,0.1034,0.0369,0.4881,1.1369,10000
msr,10000,3,5,0,1,26065.0,normal,0.1120,0.0357,0.5616,1.1152,10000
msr,10000,3,5,0,1,27927.0,degraded,0.1338,0.0417,0.6274,1.3762,10000
msr,10000,3,5,0,1,27927.0,normal,0.1521,0.0406,0.7869,1.5690,10000
msr,10000,3,5,0,1,29789.0,degraded,0.1884,0.0470,0.9263,1.8671,10000
msr,10000,3,5,0,1,29789.0,normal,0.2297,0.0461,1.2158,1.9900,10000
msr,10000,3,5,0,1,31651.0,degraded,0.3999,0.0569,2.0093,3.1874,10000
msr,10000,3,5,0,1,31651.0,normal,0.4165,0.0567,2.0284,3.3042,10000
msr,10000,3,5,0,1,32000.0,degraded,0.4884,0.0596,2.3890,3.9530,10000
msr,10000,3,5,0,1,32000.0,normal,0.4717,0.0590,2.2018,3.6638,10000
msr,10000,3,5,0,1,33513.0,degraded,0.9326,0.0790,4.4968,7.8568,10000
msr,10000,3,5,0,1,33513.0,normal,1.0024,0.0766,4.3015,8.3299,10000
msr,10000,3,5,0,1,34909.0,degraded,1.4832,0.1207,6.0242,11.1837,10000
msr,10000,3,5,0,1,34909.0,normal,1.5881,0.1101,6.4806,12.0993,10000
msr,10000,3,5,0,1,35375.0,degraded,1.6967,0.1431,6.4954,12.2417,10000
msr,10000,3,5,0,1,35375.0,normal,1.8201,0.1357,7.1465,13.1826,10000
msr,10000,3,5,0,1,37236.0,degraded,2.7350,0.4881,8.6872,16.5478,10000
msr,10000,3,5,0,1,37236.0,normal,2.9324,0.7261,9.9679,18.3379,10000
msr,10000,3,5,0,1,37818.0,degraded,3.1614,1.0870,9.4342,17.9290,10000
msr,10000,3,5,0,1,37818.0,normal,3.3708,1.2658,10.8030,19.8209,10000
msr,10000,3,5,0,1,39098.0,degraded,4.2841,2.5339,11.3362,20.5104,10000
msr,10000,3,5,0,1,39098.0,normal,4.5221,2.8938,12.5026,22.7222,10000
msr,10000,3,5,0,1,40727.0,degraded,9.4794,8.2219,16.3267,28.2266,10000
msr,10000,3,5,0,1,40727.0,normal,6.2398,4.0510,14.7258,26.4464,10000
msr,10000,3,5,0,1,40960.0,degraded,11.0427,9.3328,18.5327,31.1806,10000
msr,10000,3,5,0,1,40960.0,normal,6.5230,4.2558,15.1065,27.0040,10000
msr,10000,3,5,0,1,43636.0,degraded,30.5294,25.4585,56.1265,70.8565,10000
msr,10000,3,5,0,1,43636.0,normal,11.7147,7.8065,22.3618,39.2011,10000
msr,10000,3,5,0,1,46545.0,degraded,52.4165,45.1756,99.9834,112.8862,10000
msr,10000,3,5,0,1,46545.0,normal,19.0096,13.6535,37.2455,56.9569,10000
msr,10000,3,5,0,1,49455.0,degraded,71.5539,63.9990,141.8675,154.7475,10000
msr,10000,3,5,0,1,49455.0,normal,25.4811,19.8843,52.5295,74.2492,10000
msr,10000,3,5,0,1,52364.0,degraded,88.5049,81.0446,176.2682,182.2774,10000
msr,10000,3,5,0,1,52364.0,normal,31.2445,25.5203,67.4941,88.5472,10000
msr,10000,3,5,0,1,55273.0,degraded,103.6785,96.3693,197.9722,206.0228,10000
msr,10000,3,5,0,1,55273.0,normal,36.3832,30.1400,80.3806,103.3482,10000
msr,10000,3,5,0,1,58182.0,degraded,117.3479,109.5079,215.4264,223.9032,10000
msr,10000,3,5,0,1,58182.0,normal,40.9940,34.4340,91.9109,116.9089,10000
msr,10000,3,5,0,1,61091.0,degraded,129.7885,121.6773,229.4217,244.1197,10000
msr,10000,3,5,0,1,61091.0,normal,45.1521,38.5715,104.4652,130.7765,10000
msr,10000,3,5,0,1,64000.0,degraded,141.0301,131.5476,241.7765,259.5862,10000
msr,10000,3,5,0,1,64000.0,normal,49.0015,42.3719,116.3193,145.5325,10000
msr,10000,3,5,none,0,10.0,normal,0.0247,0.0240,0.0480,0.0720,10000
msr,10000,3,5,none,0,20.0,normal,0.0247,0.0240,0.0480,0.0720,10000
msr,10000,3,5,none,0,40.0,normal,0.0247,0.0240,0.0480,0.0720,10000
msr,10000,3,5,none,0,80.0,normal,0.0247,0.0240,0.0480,0.0720,10000
msr,10000,3,5,none,0,160.0,normal,0.0247,0.0240,0.0480,0.0720,10000
msr,10000,3,5,none,0,320.0,normal,0.0248,0.0240,0.0480,0.0720,10000
msr,10000,3,5,none,0,640.0,normal,0.0249,0.0240,0.0480,0.0720,10000
msr,10000,3,5,none,0,1000.0,normal,0.0250,0.0240,0.0480,0.0720,10000
msr,10000,3,5,none,0,1280.0,normal,0.0251,0.0240,0.0480,0.0720,10000
msr,10000,3,5,none,0,2000.0,normal,0.0254,0.0240,0.0480,0.0720,10000
msr,10000,3,5,none,0,2560.0,normal,0.0257,0.0240,0.0480,0.0797,10000
msr,10000,3,5,none,0,4000.0,normal,0.0264,0.0240,0.0480,0.0840,10000
msr,10000,3,5,none,0,5120.0,normal,0.0269,0.0240,0.0497,0.0912,10000
msr,10000,3,5,none,0,8000.0,normal,0.0286,0.0240,0.0600,0.1069,10000
msr,10000,3,5,none,0,10240.0,normal,0.0302,0.0240,0.0655,0.1252,10000
msr,10000,3,5,none,0,16000.0,normal,0.0374,0.0240,0.0999,0.2141,10000
msr,10000,3,5,none,0,20480.0,normal,0.0495,0.0240,0.1732,0.3629,10000
msr,10000,3,5,none,0,22342.0,normal,0.0590,0.0281,0.2311,0.4796,10000
msr,10000,3,5,none,0,24204.0,normal,0.0755,0.0317,0.3454,0.6507,10000
msr,10000,3,5,none,0,26065.0,normal,0.0996,0.0356,0.4681,1.0892,10000
msr,10000,3,5,none,0,27927.0,normal,0.1358,0.0406,0.6436,1.5737,10000
msr,10000,3,5,none,0,29789.0,normal,0.2067,0.0461,1.0270,2.0327,10000
msr,10000,3,5,none,0,31651.0,normal,0.3785,0.0562,1.9068,2.5414,10000
msr,10000,3,5,none,0,32000.0,normal,0.4295,0.0586,2.2055,2.7271,10000
msr,10000,3,5,none,0,33513.0,normal,0.9270,0.0753,4.6742,5.4265,10000
msr,10000,3,5,none,0,34909.0,normal,1.4823,0.1089,7.0734,7.9169,10000
msr,10000,3,5,none,0,35375.0,normal,1.7036,0.1330,7.8512,8.7257,10000
msr,10000,3,5,none,0,37236.0,normal,2.7733,0.7305,10.8567,11.8043,10000
msr,10000,3,5,none,0,37818.0,normal,3.2009,1.2660,11.8028,12.7196,10000
msr,10000,3,5,none,0,39098.0,normal,4.3277,2.8109,13.7358,14.6294,10000
msr,10000,3,5,none,0,40727.0,normal,6.0087,3.9388,16.0287,16.9824,10000
msr,10000,3,5,none,0,40960.0,normal,6.2851,4.0053,16.4539,17.3840,10000
msr,10000,3,5,none,0,43636.0,normal,11.3404,6.8210,23.5639,24.3818,10000
msr,10000,3,5,none,0,46545.0,normal,18.4319,13.8567,33.9397,34.3925,10000
msr,10000,3,5,none,0,49455.0,normal,24.6913,20.0666,44.7276,44.8903,10000
msr,10000,3,5,none,0,52364.0,normal,30.2531,25.5836,55.3697,55.8033,10000
msr,10000,3,5,none,0,55273.0,normal,35.2295,30.5196,64.8749,65.7667,10000
msr,10000,3,5,none,0,58182.0,normal,39.7083,34.9620,73.4387,74.7303,10000
msr,10000,3,5,none,0,61091.0,normal,43.7605,38.9813,81.1810,82.8324,10000
msr,10000,3,5,none,0,64000.0,normal,47.4444,42.6352,88.2322,90.1923,10000
raid10,10000,3,0,0,1,10.0,degraded,0.0127,0.0120,0.0120,0.0320,10000
raid10,10000,3,0,0,1,10.0,normal,0.0127,0.0120,0.0120,0.0320,10000
raid10,10000,3,0,0,1,20.0,degraded,0.0127,0.0120,0.0120,0.0320,10000
raid10,10000,3,0,0,1,20.0,normal,0.0127,0.0120,0.0120,0.0320,10000
raid10,10000,3,0,0,1,40.0,degraded,0.0127,0.0120,0.0120,0.0320,10000
raid10,10000,3,0,0,1,40.0,normal,0.0127,0.0120,0.0120,0.0320,10000
raid10,10000,3,0,0,1,80.0,degraded,0.0127,0.0120,0.0120,0.0320,10000
raid10,10000,3,0,0,1,80.0,normal,0.0127,0.0120,0.0120,0.0320,10000
raid10,10000,3,0,0,1,160.0,degraded,0.0128,0.0120,0.0120,0.0320,10000
raid10,10000,3,0,0,1,160.0,normal,0.0128,0.0120,0.0120,0.0320,10000
raid10,10000,3,0,0,1,320.0,degraded,0.0128,0.0120,0.0120,0.0320,10000
raid10,10000,3,0,0,1,320.0,normal,0.0128,0.0120,0.0120,0.0320,10000
raid10,10000,3,0,0,1,640.0,degraded,0.0128,0.0120,0.0120,0.0320,10000
raid10,10000,3,0,0,1,640.0,normal,0.0128,0.0120,0.0120,0.0320,10000
raid10,10000,3,0,0,1,1000.0,degraded,0.0128,0.0120,0.0120,0.0320,10000
raid10,10000,3,0,0,1,1000.0,normal,0.0128,0.0120,0.0120,0.0320,10000
raid10,10000,3,0,0,1,1280.0,degraded,0.0128,0.0120,0.0120,0.0320,10000
raid10,10000,3,0,0,1,1280.0,normal,0.0129,0.0120,0.0120,0.0320,10000
raid10,10000,3,0,0,1,2000.0,degraded,0.0129,0.0120,0.0137,0.0358,10000
raid10,10000,3,0,0,1,2000.0,normal,0.0129,0.0120,0.0142,0.0408,10000
raid10,10000,3,0,0,1,2560.0,degraded,0.0130,0.0120,0.0161,0.0398,10000
raid10,10000,3,0,0,1,2560.0,normal,0.0130,0.0120,0.0167,0.0440,10000
raid10,10000,3,0,0,1,4000.0,degraded,0.0131,0.0120,0.0193,0.0440,10000
raid10,10000,3,0,0,1,4000.0,normal,0.0131,0.0120,0.0195,0.0440,10000
raid10,10000,3,0,0,1,5120.0,degraded,0.0132,0.0120,0.0206,0.0440,10000
raid10,10000,3,0,0,1,5120.0,normal,0.0132,0.0120,0.0208,0.0440,10000
raid10,10000,3,0,0,1,8000.0,degraded,0.0135,0.0120,0.0224,0.0440,10000
raid10,10000,3,0,0,1,8000.0,normal,0.0136,0.0120,0.0225,0.0440,10000
raid10,10000,3,0,0,1,10240.0,degraded,0.0137,0.0120,0.0231,0.0440,10000
raid10,10000,3,0,0,1,10240.0,normal,0.0138,0.0120,0.0232,0.0476,10000
raid10,10000,3,0,0,1,16000.0,degraded,0.0145,0.0120,0.0240,0.0534,10000
raid10,10000,3,0,0,1,16000.0,normal,0.0147,0.0120,0.0240,0.0560,10000
raid10,10000,3,0,0,1,20480.0,degraded,0.0152,0.0120,0.0259,0.0582,10000
raid10,10000,3,0,0,1,20480.0,normal,0.0154,0.0120,0.0261,0.0640,10000
raid10,10000,3,0,0,1,32000.0,degraded,0.0181,0.0120,0.0353,0.0953,10000
raid10,10000,3,0,0,1,32000.0,normal,0.0181,0.0120,0.0355,0.1050,10000
raid10,10000,3,0,0,1,40960.0,degraded,0.0217,0.0130,0.0477,0.1615,10000
raid10,10000,3,0,0,1,40960.0,normal,0.0213,0.0120,0.0475,0.1439,10000
raid10,10000,3,0,0,1,64000.0,degraded,0.0495,0.0241,0.2202,0.4343,10000
raid10,10000,3,0,0,1,64000.0,normal,0.0511,0.0235,0.2357,0.3567,10000
raid10,10000,3,0,0,1,69818.0,degraded,0.0721,0.0313,0.3279,0.6006,10000
raid10,10000,3,0,0,1,69818.0,normal,0.0921,0.0294,0.5436,0.7154,10000
raid10,10000,3,0,0,1,75636.0,degraded,0.2018,0.0450,0.9536,1.5024,10000
raid10,10000,3,0,0,1,75636.0,normal,0.2291,0.0421,1.2099,1.4803,10000
raid10,10000,3,0,0,1,81455.0,degraded,0.6666,0.0929,2.4922,3.0724,10000
raid10,10000,3,0,0,1,81455.0,normal,0.7379,0.0986,3.1001,3.3880,10000
raid10,10000,3,0,0,1,81920.0,degraded,0.7236,0.0988,2.6375,3.1875,10000
raid10,10000,3,0,0,1,81920.0,normal,0.7965,0.1139,3.2530,3.5329,10000
raid10,10000,3,0,0,1,87273.0,degraded,2.1739,2.0085,4.2147,4.5135,10000
raid10,10000,3,0,0,1,87273.0,normal,1.8133,1.1904,5.0428,5.2223,10000
raid10,10000,3,0,0,1,89367.0,degraded,4.9681,3.7837,7.6261,7.7682,10000
raid10,10000,3,0,0,1,89367.0,normal,2.2660,1.3174,5.6814,5.8697,10000
raid10,10000,3,0,0,1,93091.0,degraded,10.4755,8.7724,14.3725,14.4448,10000
raid10,10000,3,0,0,1,93091.0,normal,3.6292,2.2408,7.6472,7.7962,10000
raid10,10000,3,0,0,1,96815.0,degraded,16.6425,14.9397,22.1816,22.4048,10000
raid10,10000,3,0,0,1,96815.0,normal,5.6747,4.2686,10.8794,10.9736,10000
raid10,10000,3,0,0,1,98909.0,degraded,19.9062,18.1995,26.4407,26.6432,10000
raid10,10000,3,0,0,1,98909.0,normal,6.7572,5.3418,12.9222,13.0060,10000
raid10,10000,3,0,0,1,104262.0,degraded,27.6535,25.9416,36.6032,36.7433,10000
raid10,10000,3,0,0,1,104262.0,normal,9.3268,7.8893,17.8383,18.0527,10000
raid10,10000,3,0,0,1,104727.0,degraded,28.2891,26.5769,37.4389,37.5865,10000
raid10,10000,3,0,0,1,104727.0,normal,9.5377,8.0983,18.2409,18.4739,10000
raid10,10000,3,0,0,1,110545.0,degraded,35.7897,34.0774,47.2627,47.5540,10000
raid10,10000,3,0,0,1,110545.0,normal,12.0254,10.5650,22.9976,23.4555,10000
raid10,10000,3,0,0,1,111709.0,degraded,37.1965,35.4844,49.0981,49.4262,10000
raid10,10000,3,0,0,1,111709.0,normal,12.4920,11.0278,23.8899,24.3891,10000
raid10,10000,3,0,0,1,116364.0,degraded,42.5413,40.8273,56.0454,56.5335,10000
raid10,10000,3,0,0,1,116364.0,normal,14.2648,12.7862,27.2795,27.9401,10000
raid10,10000,3,0,0,1,119156.0,degraded,45.5466,43.8329,59.9502,60.5275,10000
raid10,10000,3,0,0,1,119156.0,normal,15.2616,13.7749,29.1878,29.9305,10000
raid10,10000,3,0,0,1,122182.0,degraded,48.6490,46.9353,63.9808,64.6565,10000
raid10,10000,3,0,0,1,122182.0,normal,16.2907,14.7956,31.1574,31.9862,10000
raid10,10000,3,0,0,1,126604.0,degraded,52.9158,51.1993,69.5246,70.3260,10000
raid10,10000,3,0,0,1,126604.0,normal,17.7061,16.1995,33.8616,34.8137,10000
raid10,10000,3,0,0,1,128000.0,degraded,54.2016,52.4837,71.1957,72.0340,10000
raid10,10000,3,0,0,1,128000.0,normal,18.1327,16.6226,34.6781,35.6665,10000
raid10,10000,3,0,0,1,134051.0,degraded,59.4653,57.7400,78.0382,79.0261,10000
raid10,10000,3,0,0,1,134051.0,normal,19.8787,18.3545,38.0175,39.1545,10000
raid10,10000,3,0,0,1,141498.0,degraded,65.3254,63.5957,85.6528,86.8103,10000
raid10,10000,3,0,0,1,141498.0,normal,21.8227,20.2826,41.7352,43.0360,10000
raid10,10000,3,0,0,1,148945.0,degraded,70.5995,68.8694,92.5053,93.8162,10000
raid10,10000,3,0,0,1,148945.0,normal,23.5722,22.0179,45.0804,46.5321,10000
raid10,10000,3,0,0,1,156393.0,degraded,75.3719,73.6436,98.7058,100.1556,10000
raid10,10000,3,0,0,1,156393.0,normal,25.1553,23.5882,48.1099,49.6939,10000
raid10,10000,3,0,0,1,163840.0,degraded,79.7099,77.9832,104.3406,105.9180,10000
raid10,10000,3,0,0,1,163840.0,normal,26.5943,25.0160,50.8583,52.5677,10000
raid10,10000,3,0,none,0,10.0,normal,0.0127,0.0120,0.0120,0.0320,10000
raid10,10000,3,0,none,0,20.0,normal,0.0127,0.0120,0.0120,0.0320,10000
raid10,10000,3,0,none,0,40.0,normal,0.0127,0.0120,0.0120,0.0320,10000
raid10,10000,3,0,none,0,80.0,normal,0.0127,0.0120,0.0120,0.0320,10000
raid10,10000,3,0,none,0,160.0,normal,0.0128,0.0120,0.0120,0.0320,10000
raid10,10000,3,0,none,0,320.0,normal,0.0128,0.0120,0.0120,0.0320,10000
raid10,10000,3,0,none,0,640.0,normal,0.0128,0.0120,0.0120,0.0320,10000
raid10,10000,3,0,none,0,1000.0,normal,0.0128,0.0120,0.0120,0.0320,10000
raid10,10000,3,0,none,0,1280.0,normal,0.0129,0.0120,0.0120,0.0320,10000
raid10,10000,3,0,none,0,2000.0,normal,0.0129,0.0120,0.0142,0.0408,10000
raid10,10000,3,0,none,0,2560.0,normal,0.0130,0.0120,0.0167,0.0440,10000
raid10,10000,3,0,none,0,4000.0,normal,0.0131,0.0120,0.0195,0.0440,10000
raid10,10000,3,0,none,0,5120.0,normal,0.0132,0.0120,0.0208,0.0440,10000
raid10,10000,3,0,none,0,8000.0,normal,0.0136,0.0120,0.0225,0.0440,10000
raid10,10000,3,0,none,0,10240.0,normal,0.0138,0.0120,0.0232,0.0476,10000
raid10,10000,3,0,none,0,16000.0,normal,0.0147,0.0120,0.0240,0.0560,10000
raid10,10000,3,0,none,0,20480.0,normal,0.0154,0.0120,0.0261,0.0640,10000
raid10,10000,3,0,none,0,32000.0,normal,0.0181,0.0120,0.0355,0.1050,10000
raid10,10000,3,0,none,0,40960.0,normal,0.0213,0.0120,0.0475,0.1439,10000
raid10,10000,3,0,none,0,64000.0,normal,0.0511,0.0235,0.2357,0.3567,10000
raid10,10000,3,0,none,0,69818.0,normal,0.0921,0.0294,0.5436,0.7154,10000
raid10,10000,3,0,none,0,75636.0,normal,0.2291,0.0421,1.2099,1.4803,10000
raid10,10000,3,0,none,0,81455.0,normal,0.7379,0.0986,3.1001,3.3880,10000
raid10,10000,3,0,none,0,81920.0,normal,0.7965,0.1139,3.2530,3.5329,10000
raid10,10000,3,0,none,0,87273.0,normal,1.8133,1.1904,5.0428,5.2223,10000
raid10,10000,3,0,none,0,89367.0,normal,2.2660,1.3174,5.6814,5.8697,10000
raid10,10000,3,0,none,0,93091.0,normal,3.6292,2.2408,7.6472,7.7962,10000
raid10,10000,3,0,none,0,96815.0,normal,5.6747,4.2686,10.8794,10.9736,10000
raid10,10000,3,0,none,0,98909.0,normal,6.7572,5.3418,12.9222,13.0060,10000
raid10,10000,3,0,none,0,104262.0,normal,9.3268,7.8893,17.8383,18.0527,10000
raid10,10000,3,0,none,0,104727.0,normal,9.5377,8.0983,18.2409,18.4739,10000
raid10,10000,3,0,none,0,110545.0,normal,12.0254,10.5650,22.9976,23.4555,10000
raid10,10000,3,0,none,0,111709.0,normal,12.4920,11.0278,23.8899,24.3891,10000
raid10,10000,3,0,none,0,116364.0,normal,14.2648,12.7862,27.2795,27.9401,10000
raid10,10000,3,0,none,0,119156.0,normal,15.2616,13.7749,29.1878,29.9305,10000
raid10,10000,3,0,none,0,122182.0,normal,16.2907,14.7956,31.1574,31.9862,10000
raid10,10000,3,0,none,0,126604.0,normal,17.7061,16.1995,33.8616,34.8137,10000
raid10,10000,3,0,none,0,128000.0,normal,18.1327,16.6226,34.6781,35.6665,10000
raid10,10000,3,0,none,0,134051.0,normal,19.8787,18.3545,38.0175,39.1545,10000
raid10,10000,3,0,none,0,141498.0,normal,21.8227,20.2826,41.7352,43.0360,10000
raid10,10000,3,0,none,0,148945.0,normal,23.5722,22.0179,45.0804,46.5321,10000
raid10,10000,3,0,none,0,156393.0,normal,25.1553,23.5882,48.1099,49.6939,10000
raid10,10000,3,0,none,0,163840.0,normal,26.5943,25.0160,50.8583,52.5677,10000
rs,10000,3,0,0,1,10.0,degraded,0.0147,0.0120,0.0240,0.0440,10000
rs,10000,3,0,0,1,10.0,normal,0.0136,0.0120,0.0240,0.0440,10000
rs,10000,3,0,0,1,20.0,degraded,0.0147,0.0120,0.0240,0.0440,10000
rs,10000,3,0,0,1,20.0,normal,0.0136,0.0120,0.0240,0.0440,10000
rs,10000,3,0,0,1,40.0,degraded,0.0147,0.0120,0.0240,0.0440,10000
rs,10000,3,0,0,1,40.0,normal,0.0136,0.0120,0.0240,0.0440,10000
rs,10000,3,0,0,1,80.0,degraded,0.0147,0.0120,0.0240,0.0440,10000
rs,10000,3,0,0,1,80.0,normal,0.0136,0.0120,0.0240,0.0440,10000
rs,10000,3,0,0,1,160.0,degraded,0.0148,0.0120,0.0240,0.0440,10000
rs,10000,3,0,0,1,160.0,normal,0.0136,0.0120,0.0240,0.0440,10000
rs,10000,3,0,0,1,320.0,degraded,0.0148,0.0120,0.0240,0.0440,10000
rs,10000,3,0,0,1,320.0,normal,0.0136,0.0120,0.0240,0.0440,10000
rs,10000,3,0,0,1,640.0,degraded,0.0148,0.0120,0.0240,0.0440,10000
rs,10000,3,0,0,1,640.0,normal,0.0136,0.0120,0.0240,0.0440,10000
rs,10000,3,0,0,1,1000.0,degraded,0.0149,0.0120,0.0240,0.0440,10000
rs,10000,3,0,0,1,1000.0,normal,0.0137,0.0120,0.0240,0.0440,10000
rs,10000,3,0,0,1,1280.0,degraded,0.0149,0.0120,0.0240,0.0464,10000
rs,10000,3,0,0,1,1280.0,normal,0.0137,0.0120,0.0240,0.0480,10000
rs,10000,3,0,0,1,2000.0,degraded,0.0150,0.0120,0.0240,0.0480,10000
rs,10000,3,0,0,1,2000.0,normal,0.0138,0.0120,0.0240,0.0480,10000
rs,10000,3,0,0,1,2560.0,degraded,0.0151,0.0120,0.0240,0.0480,10000
rs,10000,3,0,0,1,2560.0,normal,0.0139,0.0120,0.0240,0.0480,10000
rs,10000,3,0,0,1,4000.0,degraded,0.0154,0.0120,0.0247,0.0520,10000
rs,10000,3,0,0,1,4000.0,normal,0.0142,0.0120,0.0240,0.0490,10000
rs,10000,3,0,0,1,5120.0,degraded,0.0156,0.0120,0.0263,0.0560,10000
rs,10000,3,0,0,1,5120.0,normal,0.0144,0.0120,0.0240,0.0560,10000
rs,10000,3,0,0,1,8000.0,degraded,0.0161,0.0120,0.0280,0.0600,10000
rs,10000,3,0,0,1,8000.0,normal,0.0149,0.0120,0.0280,0.0640,10000
rs,10000,3,0,0,1,10240.0,degraded,0.0165,0.0123,0.0288,0.0640,10000
rs,10000,3,0,0,1,10240.0,normal,0.0153,0.0120,0.0280,0.0680,10000
rs,10000,3,0,0,1,16000.0,degraded,0.0180,0.0160,0.0354,0.0840,10000
rs,10000,3,0,0,1,16000.0,normal,0.0168,0.0120,0.0326,0.0898,10000
rs,10000,3,0,0,1,20480.0,degraded,0.0198,0.0160,0.0415,0.1080,10000
rs,10000,3,0,0,1,20480.0,normal,0.0181,0.0120,0.0386,0.1120,10000
rs,10000,3,0,0,1,32000.0,degraded,0.0281,0.0160,0.0707,0.2521,10000
rs,10000,3,0,0,1,32000.0,normal,0.0242,0.0120,0.0682,0.2127,10000
rs,10000,3,0,0,1,34909.0,degraded,0.0313,0.0160,0.0814,0.3128,10000
rs,10000,3,0,0,1,34909.0,normal,0.0264,0.0120,0.0810,0.2512,10000
rs,10000,3,0,0,1,37818.0,degraded,0.0350,0.0181,0.0957,0.3711,10000
rs,10000,3,0,0,1,37818.0,normal,0.0288,0.0133,0.0953,0.2896,10000
rs,10000,3,0,0,1,40727.0,degraded,0.0396,0.0201,0.1178,0.4271,10000
rs,10000,3,0,0,1,40727.0,normal,0.0317,0.0148,0.1133,0.3228,10000
rs,10000,3,0,0,1,40960.0,degraded,0.0400,0.0202,0.1208,0.4320,10000
rs,10000,3,0,0,1,40960.0,normal,0.0320,0.0149,0.1152,0.3280,10000
rs,10000,3,0,0,1,43636.0,degraded,0.0457,0.0220,0.1589,0.4934,10000
rs,10000,3,0,0,1,43636.0,normal,0.0355,0.0160,0.1430,0.3669,10000
rs,10000,3,0,0,1,44684.0,degraded,0.0484,0.0228,0.1881,0.5148,10000
rs,10000,3,0,0,1,44684.0,normal,0.0372,0.0162,0.1535,0.3888,10000
rs,10000,3,0,0,1,46545.0,degraded,0.0538,0.0239,0.2183,0.5566,10000
rs,10000,3,0,0,1,46545.0,normal,0.0403,0.0173,0.1793,0.4120,10000
rs,10000,3,0,0,1,48407.0,degraded,0.0602,0.0254,0.2697,0.6194,10000
rs,10000,3,0,0,1,48407.0,normal,0.0442,0.0181,0.2150,0.4451,10000
rs,10000,3,0,0,1,49455.0,degraded,0.0642,0.0263,0.3008,0.6540,10000
rs,10000,3,0,0,1,49455.0,normal,0.0467,0.0187,0.2370,0.4589,10000
rs,10000,3,0,0,1,52131.0,degraded,0.0768,0.0291,0.3924,0.7183,10000
rs,10000,3,0,0,1,52131.0,normal,0.0556,0.0200,0.2986,0.5498,10000
rs,10000,3,0,0,1,52364.0,degraded,0.0783,0.0294,0.4009,0.7205,10000
rs,10000,3,0,0,1,52364.0,normal,0.0565,0.0201,0.3076,0.5605,10000
rs,10000,3,0,0,1,55273.0,degraded,0.1019,0.0343,0.5116,0.8697,10000
rs,10000,3,0,0,1,55273.0,normal,0.0711,0.0217,0.3858,0.6510,10000
rs,10000,3,0,0,1,55855.0,degraded,0.1111,0.0356,0.5681,0.9765,10000
rs,10000,3,0,0,1,55855.0,normal,0.0750,0.0219,0.4020,0.6705,10000
rs,10000,3,0,0,1,58182.0,degraded,0.1763,0.0428,0.8926,1.4207,10000
rs,10000,3,0,0,1,58182.0,normal,0.0939,0.0231,0.4953,0.8595,10000
rs,10000,3,0,0,1,59578.0,degraded,0.2797,0.0482,1.3873,2.3822,10000
rs,10000,3,0,0,1,59578.0,normal,0.1097,0.0238,0.5753,1.0668,10000
rs,10000,3,0,0,1,61091.0,degraded,0.4223,0.0592,2.0595,3.4209,10000
rs,10000,3,0,0,1,61091.0,normal,0.1301,0.0252,0.6824,1.2324,10000
rs,10000,3,0,0,1,63302.0,degraded,0.7307,0.0858,2.9831,5.2148,10000
rs,10000,3,0,0,1,63302.0,normal,0.1768,0.0281,0.9020,1.5786,10000
rs,10000,3,0,0,1,64000.0,degraded,0.8478,0.1023,3.2519,5.7607,10000
rs,10000,3,0,0,1,64000.0,normal,0.1950,0.0294,0.9840,1.6851,10000
rs,10000,3,0,0,1,67025.0,degraded,1.5817,0.5363,4.3652,8.0754,10000
rs,10000,3,0,0,1,67025.0,normal,0.3525,0.0347,1.6163,3.0540,10000
rs,10000,3,0,0,1,70749.0,degraded,2.7647,1.3442,6.1828,10.6915,10000
rs,10000,3,0,0,1,70749.0,normal,0.7188,0.0488,3.0929,5.8806,10000
rs,10000,3,0,0,1,74473.0,degraded,6.0817,4.3455,11.2762,19.0247,10000
rs,10000,3,0,0,1,74473.0,normal,1.2159,0.1003,4.4544,8.4123,10000
rs,10000,3,0,0,1,78196.0,degraded,9.4722,7.7107,17.7970,28.4116,10000
rs,10000,3,0,0,1,78196.0,normal,1.8993,0.8221,5.6829,10.8794,10000
rs,10000,3,0,0,1,81920.0,degraded,14.7918,12.7432,28.9987,40.5117,10000
rs,10000,3,0,0,1,81920.0,normal,2.7982,2.0259,6.9043,13.0639,10000
rs,10000,3,0,3,1,10.0,degraded,0.0136,0.0120,0.0240,0.0440,10000
rs,10000,3,0,3,1,10.0,normal,0.0136,0.0120,0.0240,0.0440,10000
rs,10000,3,0,3,1,20.0,degraded,0.0136,0.0120,0.0240,0.0440,10000
rs,10000,3,0,3,1,20.0,normal,0.0136,0.0120,0.0240,0.0440,10000
rs,10000,3,0,3,1,40.0,degraded,0.0136,0.0120,0.0240,0.0440,10000
rs,10000,3,0,3,1,40.0,normal,0.0136,0.0120,0.0240,0.0440,10000
rs,10000,3,0,3,1,80.0,degraded,0.0136,0.0120,0.0240,0.0440,10000
rs,10000,3,0,3,1,80.0,normal,0.0136,0.0120,0.0240,0.0440,10000
rs,10000,3,0,3,1,160.0,degraded,0.0136,0.0120,0.0240,0.0440,10000
rs,10000,3,0,3,1,160.0,normal,0.0136,0.0120,0.0240,0.0440,10000
rs,10000,3,0,3,1,320.0,degraded,0.0136,0.0120,0.0240,0.0440,10000
rs,10000,3,0,3,1,320.0,normal,0.0136,0.0120,0.0240,0.0440,10000
rs,10000,3,0,3,1,640.0,degraded,0.0136,0.0120,0.0240,0.0440,10000
rs,10000,3,0,3,1,640.0,normal,0.0136,0.0120,0.0240,0.0440,10000
rs,10000,3,0,3,1,1000.0,degraded,0.0137,0.0120,0.0240,0.0440,10000
rs,10000,3,0,3,1,1000.0,normal,0.0137,0.0120,0.0240,0.0440,10000
rs,10000,3,0,3,1,1280.0,degraded,0.0137,0.0120,0.0240,0.0464,10000
rs,10000,3,0,3,1,1280.0,normal,0.0137,0.0120,0.0240,0.0480,10000
rs,10000,3,0,3,1,2000.0,degraded,0.0138,0.0120,0.0240,0.0480,10000
rs,10000,3,0,3,1,2000.0,normal,0.0138,0.0120,0.0240,0.0480,10000
rs,10000,3,0,3,1,2560.0,degraded,0.0139,0.0120,0.0240,0.0480,10000
rs,10000,3,0,3,1,2560.0,normal,0.0139,0.0120,0.0240,0.0480,10000
rs,10000,3,0,3,1,4000.0,degraded,0.0141,0.0120,0.0240,0.0520,10000
rs,10000,3,0,3,1,4000.0,normal,0.0142,0.0120,0.0240,0.0490,10000
rs,10000,3,0,3,1,5120.0,degraded,0.0143,0.0120,0.0240,0.0560,10000
rs,10000,3,0,3,1,5120.0,normal,0.0144,0.0120,0.0240,0.0560,10000
rs,10000,3,0,3,1,8000.0,degraded,0.0148,0.0120,0.0268,0.0600,10000
rs,10000,3,0,3,1,8000.0,normal,0.0149,0.0120,0.0280,0.0640,10000
rs,10000,3,0,3,1,10240.0,degraded,0.0152,0.0120,0.0280,0.0640,10000
rs,10000,3,0,3,1,10240.0,normal,0.0153,0.0120,0.0280,0.0680,10000
rs,10000,3,0,3,1,16000.0,degraded,0.0164,0.0120,0.0320,0.0811,10000
rs,10000,3,0,3,1,16000.0,normal,0.0168,0.0120,0.0326,0.0898,10000
rs,10000,3,0,3,1,20480.0,degraded,0.0180,0.0120,0.0383,0.1054,10000
rs,10000,3,0,3,1,20480.0,normal,0.0181,0.0120,0.0386,0.1120,10000
rs,10000,3,0,3,1,32000.0,degraded,0.0246,0.0120,0.0622,0.2390,10000
rs,10000,3,0,3,1,32000.0,normal,0.0242,0.0120,0.0682,0.2127,10000
rs,10000,3,0,3,1,40960.0,degraded,0.0333,0.0157,0.0996,0.3811,10000
rs,10000,3,0,3,1,40960.0,normal,0.0320,0.0149,0.1152,0.3280,10000
rs,10000,3,0,3,1,44684.0,degraded,0.0387,0.0172,0.1351,0.4616,10000
rs,10000,3,0,3,1,44684.0,normal,0.0372,0.0162,0.1535,0.3888,10000
rs,10000,3,0,3,1,48407.0,degraded,0.0471,0.0190,0.2111,0.5353,10000
rs,10000,3,0,3,1,48407.0,normal,0.0442,0.0181,0.2150,0.4451,10000
rs,10000,3,0,3,1,52131.0,degraded,0.0570,0.0208,0.2919,0.6176,10000
rs,10000,3,0,3,1,52131.0,normal,0.0556,0.0200,0.2986,0.5498,10000
rs,10000,3,0,3,1,55855.0,degraded,0.0708,0.0226,0.3968,0.7339,10000
rs,10000,3,0,3,1,55855.0,normal,0.0750,0.0219,0.4020,0.6705,10000
rs,10000,3,0,3,1,59578.0,degraded,0.0896,0.0249,0.5002,0.9095,10000
rs,10000,3,0,3,1,59578.0,normal,0.1097,0.0238,0.5753,1.0668,10000
rs,10000,3,0,3,1,63302.0,degraded,0.1460,0.0287,0.8171,1.2436,10000
rs,10000,3,0,3,1,63302.0,normal,0.1768,0.0281,0.9020,1.5786,10000
rs,10000,3,0,3,1,64000.0,degraded,0.1642,0.0298,0.9090,1.3360,10000
rs,10000,3,0,3,1,64000.0,normal,0.1950,0.0294,0.9840,1.6851,10000
rs,10000,3,0,3,1,67025.0,degraded,0.3425,0.0358,1.7653,3.1302,10000
rs,10000,3,0,3,1,67025.0,normal,0.3525,0.0347,1.6163,3.0540,10000
rs,10000,3,0,3,1,69818.0,degraded,0.5734,0.0469,2.7620,4.8873,10000
rs,10000,3,0,3,1,69818.0,normal,0.6200,0.0432,2.7038,5.1977,10000
rs,10000,3,0,3,1,70749.0,degraded,0.6687,0.0532,3.0461,5.4477,10000
rs,10000,3,0,3,1,70749.0,normal,0.7188,0.0488,3.0929,5.8806,10000
rs,10000,3,0,3,1,74473.0,degraded,1.1293,0.1045,4.1798,7.5879,10000
rs,10000,3,0,3,1,74473.0,normal,1.2159,0.1003,4.4544,8.4123,10000
rs,10000,3,0,3,1,75636.0,degraded,1.3084,0.1461,4.5086,8.2966,10000
rs,10000,3,0,3,1,75636.0,normal,1.4012,0.1580,4.8480,9.2097,10000
rs,10000,3,0,3,1,78196.0,degraded,1.7936,0.6846,5.1498,9.6775,10000
rs,10000,3,0,3,1,78196.0,normal,1.8993,0.8221,5.6829,10.8794,10000
rs,10000,3,0,3,1,81455.0,degraded,2.9448,2.3821,6.0877,11.6021,10000
rs,10000,3,0,3,1,81455.0,normal,2.6813,1.7608,6.7523,12.8057,10000
rs,10000,3,0,3,1,81920.0,degraded,3.2204,2.7360,6.2589,11.8272,10000
rs,10000,3,0,3,1,81920.0,normal,2.7982,2.0259,6.9043,13.0639,10000
rs,10000,3,0,3,1,87273.0,degraded,11.4822,10.2642,22.0507,28.4839,10000
rs,10000,3,0,3,1,87273.0,normal,4.3346,2.7422,8.8821,16.5438,10000
rs,10000,3,0,3,1,93091.0,degraded,23.0432,20.7359,44.8060,51.3062,10000
rs,10000,3,0,3,1,93091.0,normal,8.1633,6.1231,16.6907,26.1454,10000
rs,10000,3,0,3,1,98909.0,degraded,33.2376,30.2710,66.1760,72.1743,10000
rs,10000,3,0,3,1,98909.0,normal,11.5705,9.3605,25.6374,35.0129,10000
rs,10000,3,0,3,1,104727.0,degraded,42.2122,38.9038,83.8218,87.2593,10000
rs,10000,3,0,3,1,104727.0,normal,14.6248,12.2598,33.4245,42.9491,10000
rs,10000,3,0,3,1,110545.0,degraded,50.1353,46.6901,95.4051,100.5313,10000
rs,10000,3,0,3,1,110545.0,normal,17.3692,14.7200,40.0773,50.8575,10000
rs,10000,3,0,3,1,116364.0,degraded,57.1843,53.6027,105.0956,110.3273,10000
rs,10000,3,0,3,1,116364.0,normal,19.8497,17.0163,46.0546,58.3451,10000
rs,10000,3,0,3,1,122182.0,degraded,63.5485,59.7756,112.4040,120.9755,10000
rs,10000,3,0,3,1,122182.0,normal,22.1161,19.1375,52.4048,65.4243,10000
rs,10000,3,0,3,1,128000.0,degraded,69.3254,65.5486,118.8786,128.6295,10000
rs,10000,3,0,3,1,128000.0,normal,24.2162,21.0965,58.4504,73.3211,10000
rs,10000,3,0,none,0,10.0,normal,0.0136,0.0120,0.0240,0.0440,10000
rs,10000,3,0,none,0,20.0,normal,0.0136,0.0120,0.0240,0.0440,10000
rs,10000,3,0,none,0,40.0,normal,0.0136,0.0120,0.0240,0.0440,10000
rs,10000,3,0,none,0,80.0,normal,0.0136,0.0120,0.0240,0.0440,10000
rs,10000,3,0,none,0,160.0,normal,0.0136,0.0120,0.0240,0.0440,10000
rs,10000,3,0,none,0,320.0,normal,0.0136,0.0120,0.0240,0.0440,10000
rs,10000,3,0,none,0,640.0,normal,0.0136,0.0120,0.0240,0.0440,10000
rs,10000,3,0,none,0,1000.0,normal,0.0137,0.0120,0.0240,0.0440,10000
rs,10000,3,0,none,0,1280.0,normal,0.0137,0.0120,0.0240,0.0440,10000
rs,10000,3,0,none,0,2000.0,normal,0.0138,0.0120,0.0240,0.0480,10000
rs,10000,3,0,none,0,2560.0,normal,0.0138,0.0120,0.0240,0.0480,10000
rs,10000,3,0,none,0,4000.0,normal,0.0140,0.0120,0.0240,0.0480,10000
rs,10000,3,0,none,0,5120.0,normal,0.0142,0.0120,0.0240,0.0510,10000
rs,10000,3,0,none,0,8000.0,normal,0.0146,0.0120,0.0240,0.0560,10000
rs,10000,3,0,none,0,10240.0,normal,0.0149,0.0120,0.0265,0.0600,10000
rs,10000,3,0,none,0,16000.0,normal,0.0160,0.0120,0.0298,0.0742,10000
rs,10000,3,0,none,0,20480.0,normal,0.0170,0.0120,0.0333,0.0888,10000
rs,10000,3,0,none,0,32000.0,normal,0.0216,0.0120,0.0547,0.1547,10000
rs,10000,3,0,none,0,40960.0,normal,0.0275,0.0149,0.0878,0.2280,10000
rs,10000,3,0,none,0,44684.0,normal,0.0315,0.0160,0.1178,0.2582,10000
rs,10000,3,0,none,0,48407.0,normal,0.0372,0.0179,0.1587,0.2986,10000
rs,10000,3,0,none,0,52131.0,normal,0.0462,0.0199,0.2218,0.3736,10000
rs,10000,3,0,none,0,55855.0,normal,0.0621,0.0218,0.3133,0.4603,10000
rs,10000,3,0,none,0,59578.0,normal,0.0911,0.0237,0.5098,0.6654,10000
rs,10000,3,0,none,0,63302.0,normal,0.1471,0.0280,0.7967,1.0558,10000
rs,10000,3,0,none,0,64000.0,normal,0.1627,0.0291,0.8647,1.1578,10000
rs,10000,3,0,none,0,67025.0,normal,0.2975,0.0343,1.5798,1.9471,10000
rs,10000,3,0,none,0,69818.0,normal,0.5330,0.0425,2.7666,3.1358,10000
rs,10000,3,0,none,0,70749.0,normal,0.6207,0.0481,3.1280,3.5120,10000
rs,10000,3,0,none,0,74473.0,normal,1.0723,0.0974,4.5881,4.9951,10000
rs,10000,3,0,none,0,75636.0,normal,1.2438,0.1460,5.0258,5.4298,10000
rs,10000,3,0,none,0,78196.0,normal,1.7120,0.7822,5.9790,6.3485,10000
rs,10000,3,0,none,0,81455.0,normal,2.4536,1.4781,7.1630,7.4724,10000
rs,10000,3,0,none,0,81920.0,normal,2.5647,1.4948,7.3140,7.6275,10000
rs,10000,3,0,none,0,87273.0,normal,4.0183,1.7925,9.3370,9.6431,10000
rs,10000,3,0,none,0,93091.0,normal,7.5626,5.2871,14.4742,14.6282,10000
rs,10000,3,0,none,0,98909.0,normal,10.6905,8.3897,19.8462,19.9300,10000
rs,10000,3,0,none,0,104727.0,normal,13.4710,11.1475,25.1649,25.3979,10000
rs,10000,3,0,none,0,110545.0,normal,15.9587,13.6150,29.9216,30.3795,10000
rs,10000,3,0,none,0,116364.0,normal,18.1981,15.8362,34.2035,34.8641,10000
rs,10000,3,0,none,0,122182.0,normal,20.2240,17.8456,38.0814,38.9102,10000
rs,10000,3,0,none,0,128000.0,normal,22.0659,19.6726,41.6021,42.5905,10000
